<<<<<<< HEAD
,frame_number,detection_id,tracking_id,overlay_conf,overlay_ms,confidence,bbox_x,bbox_y,bbox_w,bbox_h,distance_m,video_time_seconds,latitude,longitude,gps_altitude,gps_speed_kmh,gps_course_degrees,gps_fix_quality,gps_satellites,gps_hdop,imu_accel_x,imu_accel_y,imu_accel_z,imu_accel_magnitude,imu_gyro_x,imu_gyro_y,imu_gyro_z,imu_gyro_magnitude,imu_mag_x,imu_mag_y,imu_mag_z,imu_mag_magnitude,imu_temperature,gps_data_age_seconds,imu_data_age_seconds,time_diff,speed_diff,acceleration_change,trip_distance,hour_of_day
frame_number,1.0,-0.22495108052502472,0.5099922533602337,,0.0937403707352078,-0.30414261890958694,-0.11711911247125015,-0.1632228840475636,-0.20283427451300087,-0.20000383871120772,-0.12721067848964357,0.9999981097958264,0.987847060320943,-0.9533664859178814,-0.15935661952874358,0.24875114790926037,-0.021709960385524713,0.19236029008219963,-0.020529636048187427,0.3134733241206188,0.018644474556252035,0.010999377633432937,0.020291817473396718,0.019292521587449638,0.002656397049410084,0.05130159213838268,0.0303576279785425,0.0012091906208984637,-0.02886126667810338,-0.015026240446021527,0.029034250637303114,-0.059748735033702045,-0.02150447323944981,0.011561119136812868,0.002540379347294668,0.14875919613829353,-0.010900733498188929,-0.00022713080735759262,-0.05220065599394826,
detection_id,-0.22495108052502472,1.0,0.44239059912404344,,-0.039164654875517915,0.6545644315572074,0.5107097715544078,0.6722955344017071,0.27628982994110374,0.49312964647591734,0.5600911861885812,-0.22470345705816686,-0.2030294032269816,0.18793215807095207,-0.16215244732696205,-0.16219905502495904,-0.008470306890753244,0.0730002560215004,0.034400349989581816,0.06812199650491711,-0.03290034238019938,-0.03614698701814147,0.029286394114645196,0.02680076537493367,0.031053272385243573,0.006962523856057447,0.005857688297042656,0.009635684319703495,-0.00368132480194923,-0.0013447218264123427,-0.009797543022721091,0.004563172819053075,-0.03259388298107106,-0.16477542324019295,-0.023290643668834755,-0.7313642909913665,0.004549284385593851,-0.00223497827629934,0.32963960858075597,
tracking_id,0.5099922533602337,0.44239059912404344,1.0,,0.05313344262899512,0.5251936136255022,0.4774729199827319,0.6123140073657379,0.1793570561470905,0.31111887998292026,0.4916125565233224,0.509861796478004,0.4987135962958957,-0.47956140125103575,-0.2868619352413443,0.1250395604840969,-0.07406121056376291,0.12474720719393474,0.03247221010974981,0.12947032387075383,0.001484929826339505,-0.03160811110677119,0.04217223746247702,0.040106629259944473,0.03026683439271615,0.024630328766426995,0.030540063586110878,0.008372837090578584,-0.029016965272317126,-0.008333557118633381,0.022984016831948544,-0.06135149487290131,-0.0264923894894796,-0.06478132177024609,-0.014617371929440634,-0.23893477289481663,0.0007498706559111295,2.6989862583297414e-05,0.2676817593373717,
overlay_conf,,,,,,,,,,,,,,,,,,,,,,,,,,,,,,,,,,,,,,,,
overlay_ms,0.0937403707352078,-0.039164654875517915,0.05313344262899512,,1.0,-0.06118182170054687,-0.02221922338785128,-0.0157307457748019,-0.06630555389414884,-0.06569822383762153,-0.014096224718370652,0.09353939651717502,0.09597450342634556,-0.0665949251981521,-0.06590747525679816,0.002248003087616367,0.028731269394591905,-0.01836423301784743,-0.05323467629716586,0.06489056740308288,-0.01504292799301792,0.021845779858553998,0.04076284212469446,0.03814994270869471,0.048003987689451404,0.014680352550355349,0.0291442962443291,-0.009894841388218337,-0.020843017192863432,-0.005431595707694332,0.018640745073711936,-0.020866578241712622,-0.002881953287303849,-0.051050823537162775,-0.023996196352422623,0.015526641314016532,0.07312681329211748,0.007486936058789629,-0.021529284482539924,
confidence,-0.30414261890958694,0.6545644315572074,0.5251936136255022,,-0.06118182170054687,1.0,0.647184316452016,0.8214127738347785,0.43401238977991735,0.6208267455853725,0.6291703212061092,-0.30406860071470526,-0.29010403034839494,0.27700923193064314,-0.11815259900217437,-0.10896571340621382,-0.01337829890990512,0.08501935633404245,0.0997264018468299,-0.029601209001135668,-0.004123352388607181,-0.05367544890025472,0.007873392384273406,0.008068530344715838,0.02080644863266658,-0.016995860847208166,0.0027260079670032695,0.006829410459058689,-0.009867086397316496,0.004291401617657815,0.0010940889025856469,-0.006450165658316012,0.003053677832028624,-0.11531279384765128,-0.016851405969636576,-0.35661357174674707,0.002984000140582764,0.0023672579511540702,0.32792570788675196,
bbox_x,-0.11711911247125015,0.5107097715544078,0.4774729199827319,,-0.02221922338785128,0.647184316452016,1.0,0.5087148056501284,0.1741298550739593,0.38495505767881155,0.4916447121744351,-0.11706646657210887,-0.10702150480953532,0.07805121625898702,-0.09703625147977518,-0.09757605968159216,-0.0030802791814581866,0.09489009025278068,0.05962525602238774,0.05289823378691662,-0.021632555467113238,-0.03419760980899992,0.02980233577069288,0.02822608063357549,0.01654229475241154,-0.008979624228799775,0.0037853133208424487,-0.026508836712999105,-0.010798329947846536,0.009217526157761826,0.023733790075058016,-0.018122783120468666,-0.004217884365282378,-0.13116015926936078,-0.01806727385241972,-0.31379160555049096,0.007684600999104024,0.0019271228559113052,0.31395442403168344,
bbox_y,-0.1632228840475636,0.6722955344017071,0.6123140073657379,,-0.0157307457748019,0.8214127738347785,0.5087148056501284,1.0,0.33596473848323627,0.31748205985025413,0.6908392076447748,-0.1633317742493891,-0.17131494685254187,0.16166460845932595,-0.1563987989687832,-0.05497140629181988,-0.07355941867618773,0.10308550802644931,0.08972722792560005,0.010847030810861512,-0.012810359861642402,-0.04007664855486354,0.016601310862635704,0.014672148720191838,0.029260297309397283,-0.010196605455517682,0.0020502326048829384,0.0031001386440482623,-0.03040810111870853,0.014266475010657665,0.00017672129524995176,-0.014425430599489919,-0.020563416062043646,-0.016708132100066064,-0.023196209771324652,-0.38207875786952944,0.003011253797029864,0.002900722025787453,0.32521531713335194,
bbox_w,-0.20283427451300087,0.27628982994110374,0.1793570561470905,,-0.06630555389414884,0.43401238977991735,0.1741298550739593,0.33596473848323627,1.0,0.6815923832119485,0.053687756558721364,-0.20277521623037403,-0.21389999488194536,0.17252920934583726,0.023885889123851332,-0.08598306512565372,-0.015128686262761964,0.03544736444982592,0.08650552916248543,-0.09133731275744068,-0.010771785373502821,-0.05104204041015961,-0.004099899282222213,-0.00297140104521872,0.018768390206273303,-0.022167040406276407,0.015064586830613933,0.02101648490467583,-0.0011046816325191366,0.0017361012513360849,-0.019157807994075245,0.007619728863648332,-0.0051398094140520075,0.08434256896015421,0.010498226308487403,-0.10722547368073913,0.002519690781244518,-0.0007786658206759145,0.09846150433255373,
bbox_h,-0.20000383871120772,0.49312964647591734,0.31111887998292026,,-0.06569822383762153,0.6208267455853725,0.38495505767881155,0.31748205985025413,0.6815923832119485,1.0,0.08014268049200314,-0.19972838601492024,-0.18118410821374362,0.11508797718023744,-0.029573962211538088,-0.2610131384026136,-0.028380178226591328,0.01667367619451665,0.07656739631592974,-0.09732959781875683,0.003326674956791274,-0.03671570324771434,0.014824637373822318,0.013849306597598905,0.022413561836321465,-0.014877339485367047,0.026521661915388357,0.002342808858662755,0.006195123466473714,-0.014737057595208122,-0.0006216453980624096,-0.009821401211419835,2.2530696450792236e-05,-0.11162971888106592,-0.0064188934988980845,-0.29244966257126015,0.00017874511900191443,-0.005471410444066927,0.10723824594424285,
distance_m,-0.12721067848964357,0.5600911861885812,0.4916125565233224,,-0.014096224718370652,0.6291703212061092,0.4916447121744351,0.6908392076447748,0.053687756558721364,0.08014268049200314,1.0,-0.12732588507073897,-0.11588810494631031,0.16798732028733646,-0.22026492881339152,0.12738380245736447,0.05622149326867452,0.05469536076819642,0.0042253027902045106,0.08221728910100701,-0.01191811917327597,-0.047370066695963574,-0.001962327823703272,0.002185383286381869,0.021576912735054802,-0.013582204737828403,-0.010733527256789867,0.0033951505279994363,-0.03193842242631017,0.019252619145830083,0.008837180028333048,-0.019074134873282085,-0.011237146234324298,-0.12056066853715662,-0.012142873640251442,-0.3492031261303295,0.004379094187940604,0.002173632664336722,0.46901373602527235,
video_time_seconds,0.9999981097958264,-0.22470345705816686,0.509861796478004,,0.09353939651717502,-0.30406860071470526,-0.11706646657210887,-0.1633317742493891,-0.20277521623037403,-0.19972838601492024,-0.12732588507073897,1.0,0.9879056750584562,-0.9535121459540736,-0.15962737752170342,0.24866068763214186,-0.021293654847899583,0.19209688819249865,-0.021036300750709825,0.31396396352452305,0.018636145273786552,0.011002826521075253,0.02032097785069693,0.01931816997643069,0.0026373219296327373,0.05138101677790128,0.030436353864653373,0.0012171789384106523,-0.028893841554601493,-0.015036712006712546,0.029031113141738965,-0.059732170905380015,-0.021548947648123803,0.011590714428626822,0.0024980820863107927,0.14855310227022447,-0.010914473351029389,-0.00022775077782538814,-0.05231967911229655,
latitude,0.987847060320943,-0.2030294032269816,0.4987135962958957,,0.09597450342634556,-0.29010403034839494,-0.10702150480953532,-0.17131494685254187,-0.21389999488194536,-0.18118410821374362,-0.11588810494631031,0.9879056750584562,1.0,-0.9543909681154057,-0.16438333785303158,0.25210006122520656,-0.01244604723606963,0.15794968223202385,-0.058283158494551054,0.3270045376138049,0.02053219903879041,0.013353729067371624,0.021227648705204293,0.0208711857423435,-0.0004066707095737078,0.050289025347074114,0.028801979176846182,0.0012682914600185332,-0.02384828895584966,-0.015174806839042907,0.026512670833358988,-0.05196912520001107,-0.023025277004362136,-0.13242770401829757,-0.00225871622381283,0.12697463219205282,-0.011746376124194274,-6.899160859779464e-05,-0.046177454305479405,
longitude,-0.9533664859178814,0.18793215807095207,-0.47956140125103575,,-0.0665949251981521,0.27700923193064314,0.07805121625898702,0.16166460845932595,0.17252920934583726,0.11508797718023744,0.16798732028733646,-0.9535121459540736,-0.9543909681154057,1.0,-0.018007170127343576,-0.10504952237112447,0.026746527649352436,-0.18883385771599076,-0.017871205174105325,-0.24128895819443658,-0.023626445292356073,-0.016817565435474576,-0.02350377795906011,-0.022024622118204006,-0.0008279649038859217,-0.044554996502854646,-0.03500591190370471,0.0033413459970788252,0.02283235094537428,0.012327344559580507,-0.03218703555157508,0.06413767900714003,0.035383970427026755,0.07048075648546803,-0.002598774839197204,-0.12095929957924051,0.015398545007272418,0.00012741662433749516,0.07947671527079297,
gps_altitude,-0.15935661952874358,-0.16215244732696205,-0.2868619352413443,,-0.06590747525679816,-0.11815259900217437,-0.09703625147977518,-0.1563987989687832,0.023885889123851332,-0.029573962211538088,-0.22026492881339152,-0.15962737752170342,-0.16438333785303158,-0.018007170127343576,1.0,-0.11754593981749843,-0.07103533487097408,0.12174114646540206,0.3355831043100659,-0.40341847427685107,0.020480497804867083,0.017528667284113467,-0.04274628724586224,-0.03816371162434435,-0.019735343547392047,-0.0169033524155316,-0.015260032843895408,-0.023444263961856483,0.014715170439261387,0.027227880217180825,0.01025149874899837,-0.0013552233883994,0.011857864999192495,0.02594505114405598,0.03170434746775052,0.12809476668828276,-0.007283045595618155,0.0014808194951032557,-0.1188444959854012,
gps_speed_kmh,0.24875114790926037,-0.16219905502495904,0.1250395604840969,,0.002248003087616367,-0.10896571340621382,-0.09757605968159216,-0.05497140629181988,-0.08598306512565372,-0.2610131384026136,0.12738380245736447,0.24866068763214186,0.25210006122520656,-0.10504952237112447,-0.11754593981749843,1.0,-0.059779455035488205,-0.009841618829846705,-0.14479476139359748,0.220169767860434,0.006092095338067572,-0.00192746927140533,-0.030908269111959714,-0.023952930883657617,-0.012477867058985547,0.006064486587165163,-0.04156483868684617,0.01582239912114557,-0.011325954078412517,-0.022878093345411903,-0.021988786268460726,0.03414854098510316,0.03733506169076233,0.07892170069710777,0.005436603887147208,0.13194381674515035,0.06114465405037552,0.00012149424874007952,0.11562653223459562,
gps_course_degrees,-0.021709960385524713,-0.008470306890753244,-0.07406121056376291,,0.028731269394591905,-0.01337829890990512,-0.0030802791814581866,-0.07355941867618773,-0.015128686262761964,-0.028380178226591328,0.05622149326867452,-0.021293654847899583,-0.01244604723606963,0.026746527649352436,-0.07103533487097408,-0.059779455035488205,1.0,-0.03179166157890213,-0.14188748608262092,0.20454561313439537,0.011372367939565479,-0.015470771605031707,0.001018020267670006,0.0038791054316647806,0.019297216050478298,-0.011658137069862913,0.003296672738873789,-0.019724565094277648,0.004878087269840959,-0.004526711163914683,0.004983165895821486,-0.01666364359545235,0.016690111533904345,0.021279556029818996,-0.013438777920637952,-0.00796947718087318,-0.004386537627379439,0.00014599751038140658,0.06733231253218702,
gps_fix_quality,0.19236029008219963,0.0730002560215004,0.12474720719393474,,-0.01836423301784743,0.08501935633404245,0.09489009025278068,0.10308550802644931,0.03544736444982592,0.01667367619451665,0.05469536076819642,0.19209688819249865,0.15794968223202385,-0.18883385771599076,0.12174114646540206,-0.009841618829846705,-0.03179166157890213,1.0,0.8333434208885393,0.08785123515619052,-0.004081065084736055,-0.03346647325761506,-0.029058372641698738,-0.02529377064323264,0.024608171059852142,0.030744937148835763,0.022696069143832782,-0.025160595393181693,-0.01574305541014839,-0.011503209112651866,0.011104045399991675,-0.016799957106070153,0.01747067308015188,0.11748452860535841,0.0219712636352844,-0.04787629105366779,-0.0007485872626337211,0.00037404664449078225,0.049621762652075206,
gps_satellites,-0.020529636048187427,0.034400349989581816,0.03247221010974981,,-0.05323467629716586,0.0997264018468299,0.05962525602238774,0.08972722792560005,0.08650552916248543,0.07656739631592974,0.0042253027902045106,-0.021036300750709825,-0.058283158494551054,-0.017871205174105325,0.3355831043100659,-0.14479476139359748,-0.14188748608262092,0.8333434208885393,1.0,-0.4766551442090516,-0.002832128470484319,-0.038758374727141345,-0.020014720153126584,-0.017841102027721774,0.019537544258332325,0.029428357857997314,0.01069360310438266,-0.021437389004539596,0.0010475731590845866,-0.0027103089605019903,-0.004973833323742666,-0.004143464641951631,0.007377449894048302,0.11368963345744344,0.027791831569905025,0.001503173197704724,-0.010434821352459708,0.0015795312477470905,-0.018435908908983167,
gps_hdop,0.3134733241206188,0.06812199650491711,0.12947032387075383,,0.06489056740308288,-0.029601209001135668,0.05289823378691662,0.010847030810861512,-0.09133731275744068,-0.09732959781875683,0.08221728910100701,0.31396396352452305,0.3270045376138049,-0.24128895819443658,-0.40341847427685107,0.220169767860434,0.20454561313439537,0.08785123515619052,-0.4766551442090516,1.0,-0.0018693540291750705,0.01706411861087305,-0.011694913349146189,-0.009797566172857064,0.004865173199660759,-0.005493484735076037,0.016884700713423628,-0.0026565425237894285,-0.025952547761450163,-0.011918585869591316,0.02651536891369235,-0.018685364037693976,0.016887114488988674,-0.02140851955051954,-0.014759846120239567,-0.08910525424088371,0.01764298444142693,-0.002329374527953897,0.11572298968648032,
imu_accel_x,0.018644474556252035,-0.03290034238019938,0.001484929826339505,,-0.01504292799301792,-0.004123352388607181,-0.021632555467113238,-0.012810359861642402,-0.010771785373502821,0.003326674956791274,-0.01191811917327597,0.018636145273786552,0.02053219903879041,-0.023626445292356073,0.020480497804867083,0.006092095338067572,0.011372367939565479,-0.004081065084736055,-0.002832128470484319,-0.0018693540291750705,1.0,-0.012125145270653847,0.0031743063583083236,0.11495412061232209,-0.02250068631101033,-0.00316447662543319,0.013853015214435873,0.005847588852434989,-0.009858460999891362,0.0012320722207238945,0.06506091310920897,-0.04653091428578801,0.010742250890722763,-0.005019691755946502,0.021593378199896082,0.016784908617171548,0.015293112091032417,0.045791995821406764,-0.018957930193392432,
imu_accel_y,0.010999377633432937,-0.03614698701814147,-0.03160811110677119,,0.021845779858553998,-0.05367544890025472,-0.03419760980899992,-0.04007664855486354,-0.05104204041015961,-0.03671570324771434,-0.047370066695963574,0.011002826521075253,0.013353729067371624,-0.016817565435474576,0.017528667284113467,-0.00192746927140533,-0.015470771605031707,-0.03346647325761506,-0.038758374727141345,0.01706411861087305,-0.012125145270653847,1.0,0.040745286611295235,0.03801979344791364,-0.0371190108074537,0.0026945804127887804,0.011888715396095987,0.03816038778956319,-0.02325214356616774,-0.012989773754296111,-0.015143222398831514,0.017980016805413633,0.006729151354476192,-0.018366764117929625,-0.002432698629016474,0.025706904203204997,0.008668936711115216,0.013178681569661396,-0.05475529602646981,
imu_accel_z,0.020291817473396718,0.029286394114645196,0.04217223746247702,,0.04076284212469446,0.007873392384273406,0.02980233577069288,0.016601310862635704,-0.004099899282222213,0.014824637373822318,-0.001962327823703272,0.02032097785069693,0.021227648705204293,-0.02350377795906011,-0.04274628724586224,-0.030908269111959714,0.001018020267670006,-0.029058372641698738,-0.020014720153126584,-0.011694913349146189,0.0031743063583083236,0.040745286611295235,1.0,0.9682386818841898,-0.039371881519633854,0.02933874784486635,0.015347350620221948,0.025824443069942995,-0.01821641572182781,0.01983857019235137,0.03802942601716181,-0.016268335687656017,-0.0692192580966951,-0.015161967002805341,-0.03190191642681281,-0.02438638509605189,0.023525857279604424,0.5256181696282424,0.009788653791219242,
imu_accel_magnitude,0.019292521587449638,0.02680076537493367,0.040106629259944473,,0.03814994270869471,0.008068530344715838,0.02822608063357549,0.014672148720191838,-0.00297140104521872,0.013849306597598905,0.002185383286381869,0.01931816997643069,0.0208711857423435,-0.022024622118204006,-0.03816371162434435,-0.023952930883657617,0.0038791054316647806,-0.02529377064323264,-0.017841102027721774,-0.009797566172857064,0.11495412061232209,0.03801979344791364,0.9682386818841898,1.0,-0.05070681102101568,0.027997632353783254,0.026351145792929506,0.017590863382791203,-0.011621398667621482,0.008662907189835842,0.03945667614826526,-0.017848176298389962,-0.06198537407241756,-0.014555469339161227,-0.02726052017061939,-0.023397466754609852,0.023073293084311653,0.5384058383558179,0.00949451089273451,
imu_gyro_x,0.002656397049410084,0.031053272385243573,0.03026683439271615,,0.048003987689451404,0.02080644863266658,0.01654229475241154,0.029260297309397283,0.018768390206273303,0.022413561836321465,0.021576912735054802,0.0026373219296327373,-0.0004066707095737078,-0.0008279649038859217,-0.019735343547392047,-0.012477867058985547,0.019297216050478298,0.024608171059852142,0.019537544258332325,0.004865173199660759,-0.02250068631101033,-0.0371190108074537,-0.039371881519633854,-0.05070681102101568,1.0,-0.011971479032103247,0.03453480334068091,0.016074235678567746,-0.01850634980645443,0.030223182397895485,0.053639141443700904,-0.04631730635246233,-0.035726800664628425,0.010324431969952905,-0.012797139153860394,-0.021520304074800097,-0.012116374638715894,-0.022617803452408762,0.020549425282090073,
imu_gyro_y,0.05130159213838268,0.006962523856057447,0.024630328766426995,,0.014680352550355349,-0.016995860847208166,-0.008979624228799775,-0.010196605455517682,-0.022167040406276407,-0.014877339485367047,-0.013582204737828403,0.05138101677790128,0.050289025347074114,-0.044554996502854646,-0.0169033524155316,0.006064486587165163,-0.011658137069862913,0.030744937148835763,0.029428357857997314,-0.005493484735076037,-0.00316447662543319,0.0026945804127887804,0.02933874784486635,0.027997632353783254,-0.011971479032103247,1.0,-0.018433693872508025,-0.008603466916634602,-0.005033495436941149,-0.005996387399587467,-0.006854790630084376,0.027843665331713695,-0.029534795369392776,0.01030045758574895,-0.021158914465106027,-0.016802657100458702,-0.007675617239649547,0.008893677133460943,0.011394302021602251,
imu_gyro_z,0.0303576279785425,0.005857688297042656,0.030540063586110878,,0.0291442962443291,0.0027260079670032695,0.0037853133208424487,0.0020502326048829384,0.015064586830613933,0.026521661915388357,-0.010733527256789867,0.030436353864653373,0.028801979176846182,-0.03500591190370471,-0.015260032843895408,-0.04156483868684617,0.003296672738873789,0.022696069143832782,0.01069360310438266,0.016884700713423628,0.013853015214435873,0.011888715396095987,0.015347350620221948,0.026351145792929506,0.03453480334068091,-0.018433693872508025,1.0,-0.026789997986019356,0.008614276228881303,0.013565533430394095,-0.04104394942284566,0.026758865198052765,-0.03228111412916735,0.012189872609744648,0.017334975780257535,-0.007591737158833969,-0.016775236814828412,0.010609965350641917,-0.0009473568499068597,
imu_gyro_magnitude,0.0012091906208984637,0.009635684319703495,0.008372837090578584,,-0.009894841388218337,0.006829410459058689,-0.026508836712999105,0.0031001386440482623,0.02101648490467583,0.002342808858662755,0.0033951505279994363,0.0012171789384106523,0.0012682914600185332,0.0033413459970788252,-0.023444263961856483,0.01582239912114557,-0.019724565094277648,-0.025160595393181693,-0.021437389004539596,-0.0026565425237894285,0.005847588852434989,0.03816038778956319,0.025824443069942995,0.017590863382791203,0.016074235678567746,-0.008603466916634602,-0.026789997986019356,1.0,-0.007535810252480356,-0.03302255423246664,0.026773059460102337,-0.025587149333850374,-0.006919315360925905,0.007901370651094131,-0.009406149568896396,-0.01655093059663767,0.0061772202875999315,-0.023100139232614923,0.0022913604918141962,
imu_mag_x,-0.02886126667810338,-0.00368132480194923,-0.029016965272317126,,-0.020843017192863432,-0.009867086397316496,-0.010798329947846536,-0.03040810111870853,-0.0011046816325191366,0.006195123466473714,-0.03193842242631017,-0.028893841554601493,-0.02384828895584966,0.02283235094537428,0.014715170439261387,-0.011325954078412517,0.004878087269840959,-0.01574305541014839,0.0010475731590845866,-0.025952547761450163,-0.009858460999891362,-0.02325214356616774,-0.01821641572182781,-0.011621398667621482,-0.01850634980645443,-0.005033495436941149,0.008614276228881303,-0.007535810252480356,1.0,0.0053158817330227585,-0.00621576416651849,-0.004283731154512522,-0.010727263198226629,-0.029106419566490793,0.005893614427983697,0.0029974059486162865,-0.004549155182731107,-0.010793509292854078,-0.007497492901080904,
imu_mag_y,-0.015026240446021527,-0.0013447218264123427,-0.008333557118633381,,-0.005431595707694332,0.004291401617657815,0.009217526157761826,0.014266475010657665,0.0017361012513360849,-0.014737057595208122,0.019252619145830083,-0.015036712006712546,-0.015174806839042907,0.012327344559580507,0.027227880217180825,-0.022878093345411903,-0.004526711163914683,-0.011503209112651866,-0.0027103089605019903,-0.011918585869591316,0.0012320722207238945,-0.012989773754296111,0.01983857019235137,0.008662907189835842,0.030223182397895485,-0.005996387399587467,0.013565533430394095,-0.03302255423246664,0.0053158817330227585,1.0,-0.01107340089747892,0.018560455250553914,-0.014064612218857596,-0.0018281801249421753,0.022969618334223136,-0.0019380574391477201,-0.017722505923636347,0.005271662417086635,0.0024532141303221385,
imu_mag_z,0.029034250637303114,-0.009797543022721091,0.022984016831948544,,0.018640745073711936,0.0010940889025856469,0.023733790075058016,0.00017672129524995176,-0.019157807994075245,-0.0006216453980624096,0.008837180028333048,0.029031113141738965,0.026512670833358988,-0.03218703555157508,0.01025149874899837,-0.021988786268460726,0.004983165895821486,0.011104045399991675,-0.004973833323742666,0.02651536891369235,0.06506091310920897,-0.015143222398831514,0.03802942601716181,0.03945667614826526,0.053639141443700904,-0.006854790630084376,-0.04104394942284566,0.026773059460102337,-0.00621576416651849,-0.01107340089747892,1.0,-0.79767400672783,-0.0369566144421752,0.011219030243872557,-0.04604856483679295,0.006877411501756761,-0.037010742585098545,0.008345138720693973,0.0036610139564800964,
imu_mag_magnitude,-0.059748735033702045,0.004563172819053075,-0.06135149487290131,,-0.020866578241712622,-0.006450165658316012,-0.018122783120468666,-0.014425430599489919,0.007619728863648332,-0.009821401211419835,-0.019074134873282085,-0.059732170905380015,-0.05196912520001107,0.06413767900714003,-0.0013552233883994,0.03414854098510316,-0.01666364359545235,-0.016799957106070153,-0.004143464641951631,-0.018685364037693976,-0.04653091428578801,0.017980016805413633,-0.016268335687656017,-0.017848176298389962,-0.04631730635246233,0.027843665331713695,0.026758865198052765,-0.025587149333850374,-0.004283731154512522,0.018560455250553914,-0.79767400672783,1.0,0.06228609504769058,-0.03305802498642375,0.018337264868009562,-0.007937789865272151,0.03384376988393357,-0.012676392551295245,0.0077050794040895345,
imu_temperature,-0.02150447323944981,-0.03259388298107106,-0.0264923894894796,,-0.002881953287303849,0.003053677832028624,-0.004217884365282378,-0.020563416062043646,-0.0051398094140520075,2.2530696450792236e-05,-0.011237146234324298,-0.021548947648123803,-0.023025277004362136,0.035383970427026755,0.011857864999192495,0.03733506169076233,0.016690111533904345,0.01747067308015188,0.007377449894048302,0.016887114488988674,0.010742250890722763,0.006729151354476192,-0.0692192580966951,-0.06198537407241756,-0.035726800664628425,-0.029534795369392776,-0.03228111412916735,-0.006919315360925905,-0.010727263198226629,-0.014064612218857596,-0.0369566144421752,0.06228609504769058,1.0,0.02798981987796616,-0.01119821703884088,0.02952808455126829,0.00781619917512424,-0.016346619532445393,0.0102257713469173,
gps_data_age_seconds,0.011561119136812868,-0.16477542324019295,-0.06478132177024609,,-0.051050823537162775,-0.11531279384765128,-0.13116015926936078,-0.016708132100066064,0.08434256896015421,-0.11162971888106592,-0.12056066853715662,0.011590714428626822,-0.13242770401829757,0.07048075648546803,0.02594505114405598,0.07892170069710777,0.021279556029818996,0.11748452860535841,0.11368963345744344,-0.02140851955051954,-0.005019691755946502,-0.018366764117929625,-0.015161967002805341,-0.014555469339161227,0.010324431969952905,0.01030045758574895,0.012189872609744648,0.007901370651094131,-0.029106419566490793,-0.0018281801249421753,0.011219030243872557,-0.03305802498642375,0.02798981987796616,1.0,0.02619165224770411,0.14911815535889264,0.005490813631732744,-0.0007067963834252349,-0.06031472455133385,
imu_data_age_seconds,0.002540379347294668,-0.023290643668834755,-0.014617371929440634,,-0.023996196352422623,-0.016851405969636576,-0.01806727385241972,-0.023196209771324652,0.010498226308487403,-0.0064188934988980845,-0.012142873640251442,0.0024980820863107927,-0.00225871622381283,-0.002598774839197204,0.03170434746775052,0.005436603887147208,-0.013438777920637952,0.0219712636352844,0.027791831569905025,-0.014759846120239567,0.021593378199896082,-0.002432698629016474,-0.03190191642681281,-0.02726052017061939,-0.012797139153860394,-0.021158914465106027,0.017334975780257535,-0.009406149568896396,0.005893614427983697,0.022969618334223136,-0.04604856483679295,0.018337264868009562,-0.01119821703884088,0.02619165224770411,1.0,0.008089155237909608,0.025593118983153355,-0.004362071031735536,0.018259306875769862,
time_diff,0.14875919613829353,-0.7313642909913665,-0.23893477289481663,,0.015526641314016532,-0.35661357174674707,-0.31379160555049096,-0.38207875786952944,-0.10722547368073913,-0.29244966257126015,-0.3492031261303295,0.14855310227022447,0.12697463219205282,-0.12095929957924051,0.12809476668828276,0.13194381674515035,-0.00796947718087318,-0.04787629105366779,0.001503173197704724,-0.08910525424088371,0.016784908617171548,0.025706904203204997,-0.02438638509605189,-0.023397466754609852,-0.021520304074800097,-0.016802657100458702,-0.007591737158833969,-0.01655093059663767,0.0029974059486162865,-0.0019380574391477201,0.006877411501756761,-0.007937789865272151,0.02952808455126829,0.14911815535889264,0.008089155237909608,1.0,-0.004719625842694661,0.0013192165845537663,-0.28623062725916903,
speed_diff,-0.010900733498188929,0.004549284385593851,0.0007498706559111295,,0.07312681329211748,0.002984000140582764,0.007684600999104024,0.003011253797029864,0.002519690781244518,0.00017874511900191443,0.004379094187940604,-0.010914473351029389,-0.011746376124194274,0.015398545007272418,-0.007283045595618155,0.06114465405037552,-0.004386537627379439,-0.0007485872626337211,-0.010434821352459708,0.01764298444142693,0.015293112091032417,0.008668936711115216,0.023525857279604424,0.023073293084311653,-0.012116374638715894,-0.007675617239649547,-0.016775236814828412,0.0061772202875999315,-0.004549155182731107,-0.017722505923636347,-0.037010742585098545,0.03384376988393357,0.00781619917512424,0.005490813631732744,0.025593118983153355,-0.004719625842694661,1.0,0.018817872251454672,-0.00234025642467199,
acceleration_change,-0.00022713080735759262,-0.00223497827629934,2.6989862583297414e-05,,0.007486936058789629,0.0023672579511540702,0.0019271228559113052,0.002900722025787453,-0.0007786658206759145,-0.005471410444066927,0.002173632664336722,-0.00022775077782538814,-6.899160859779464e-05,0.00012741662433749516,0.0014808194951032557,0.00012149424874007952,0.00014599751038140658,0.00037404664449078225,0.0015795312477470905,-0.002329374527953897,0.045791995821406764,0.013178681569661396,0.5256181696282424,0.5384058383558179,-0.022617803452408762,0.008893677133460943,0.010609965350641917,-0.023100139232614923,-0.010793509292854078,0.005271662417086635,0.008345138720693973,-0.012676392551295245,-0.016346619532445393,-0.0007067963834252349,-0.004362071031735536,0.0013192165845537663,0.018817872251454672,1.0,-0.00883365286683155,
trip_distance,-0.05220065599394826,0.32963960858075597,0.2676817593373717,,-0.021529284482539924,0.32792570788675196,0.31395442403168344,0.32521531713335194,0.09846150433255373,0.10723824594424285,0.46901373602527235,-0.05231967911229655,-0.046177454305479405,0.07947671527079297,-0.1188444959854012,0.11562653223459562,0.06733231253218702,0.049621762652075206,-0.018435908908983167,0.11572298968648032,-0.018957930193392432,-0.05475529602646981,0.009788653791219242,0.00949451089273451,0.020549425282090073,0.011394302021602251,-0.0009473568499068597,0.0022913604918141962,-0.007497492901080904,0.0024532141303221385,0.0036610139564800964,0.0077050794040895345,0.0102257713469173,-0.06031472455133385,0.018259306875769862,-0.28623062725916903,-0.00234025642467199,-0.00883365286683155,1.0,
hour_of_day,,,,,,,,,,,,,,,,,,,,,,,,,,,,,,,,,,,,,,,,
=======
,frame_number,detection_id,tracking_id,overlay_ok,overlay_conf,overlay_ms,confidence,bbox_x,bbox_y,bbox_w,bbox_h,distance_m,video_time_seconds,latitude,longitude,gps_altitude,gps_speed_kmh,gps_course_degrees,gps_fix_quality,gps_satellites,gps_hdop,imu_accel_x,imu_accel_y,imu_accel_z,imu_accel_magnitude,imu_gyro_x,imu_gyro_y,imu_gyro_z,imu_gyro_magnitude,imu_mag_x,imu_mag_y,imu_mag_z,imu_mag_magnitude,imu_temperature,gps_data_age_seconds,imu_data_age_seconds,time_diff,speed_diff,acceleration_change,overspeed,sudden_acceleration,sudden_braking,high_acceleration,object_detected,close_object_risk,trip_distance,hour_of_day,night_driving,high_risk_event,risk_score
frame_number,1.0,-0.22495108052502472,0.5099922533602337,,,0.0937403707352078,-0.30414261890958694,-0.11711911247125015,-0.1632228840475636,-0.20283427451300087,-0.20000383871120772,-0.12721067848964357,0.9999981097958264,0.987847060320943,-0.9533664859178814,-0.15935661952874358,0.24875114790926037,-0.021709960385524713,0.19236029008219963,-0.020529636048187427,0.3134733241206188,0.018644474556252035,0.010999377633432937,0.020291817473396718,0.019292521587449638,0.002656397049410084,0.05130159213838268,0.0303576279785425,0.0012091906208984637,-0.02886126667810338,-0.015026240446021527,0.029034250637303114,-0.059748735033702045,-0.02150447323944981,0.011561119136812868,0.002540379347294668,0.14875919613829353,-0.010900733498188929,-0.00022713080735759262,0.20214338449885985,0.021833052428112235,0.009129752815772923,0.01642975937909718,-0.28161121779773957,0.28161121779774145,-0.05220065599394826,,,0.020000911334027056,0.33767336051671726
detection_id,-0.22495108052502472,1.0,0.44239059912404344,,,-0.039164654875517915,0.6545644315572074,0.5107097715544078,0.6722955344017071,0.27628982994110374,0.49312964647591734,0.5600911861885812,-0.22470345705816686,-0.2030294032269816,0.18793215807095207,-0.16215244732696205,-0.16219905502495904,-0.008470306890753244,0.0730002560215004,0.034400349989581816,0.06812199650491711,-0.03290034238019938,-0.03614698701814147,0.029286394114645196,0.02680076537493367,0.031053272385243573,0.006962523856057447,0.005857688297042656,0.009635684319703495,-0.00368132480194923,-0.0013447218264123427,-0.009797543022721091,0.004563172819053075,-0.03259388298107106,-0.16477542324019295,-0.023290643668834755,-0.7313642909913665,0.004549284385593851,-0.00223497827629934,-0.04872202907102714,-0.028927384505279548,-0.024927218841607486,0.0016519219566928057,0.7822889800526948,-0.7822889800526951,0.32963960858075597,,,-0.020452423624128187,-0.7119479977846703
tracking_id,0.5099922533602337,0.44239059912404344,1.0,,,0.05313344262899512,0.5251936136255022,0.4774729199827319,0.6123140073657379,0.1793570561470905,0.31111887998292026,0.4916125565233224,0.509861796478004,0.4987135962958957,-0.47956140125103575,-0.2868619352413443,0.1250395604840969,-0.07406121056376291,0.12474720719393474,0.03247221010974981,0.12947032387075383,0.001484929826339505,-0.03160811110677119,0.04217223746247702,0.040106629259944473,0.03026683439271615,0.024630328766426995,0.030540063586110878,0.008372837090578584,-0.029016965272317126,-0.008333557118633381,0.022984016831948544,-0.06135149487290131,-0.0264923894894796,-0.06478132177024609,-0.014617371929440634,-0.23893477289481663,0.0007498706559111295,2.6989862583297414e-05,0.1260043822134863,-0.021636408899098937,-0.02334395519582072,0.03504497111454763,0.5851176848217973,-0.5851176848217973,0.2676817593373717,,,-0.015297511616664287,-0.4617099424390604
overlay_ok,,,,,,,,,,,,,,,,,,,,,,,,,,,,,,,,,,,,,,,,,,,,,,,,,,
overlay_conf,,,,,,,,,,,,,,,,,,,,,,,,,,,,,,,,,,,,,,,,,,,,,,,,,,
overlay_ms,0.0937403707352078,-0.039164654875517915,0.05313344262899512,,,1.0,-0.06118182170054687,-0.02221922338785128,-0.0157307457748019,-0.06630555389414884,-0.06569822383762153,-0.014096224718370652,0.09353939651717502,0.09597450342634556,-0.0665949251981521,-0.06590747525679816,0.002248003087616367,0.028731269394591905,-0.01836423301784743,-0.05323467629716586,0.06489056740308288,-0.01504292799301792,0.021845779858553998,0.04076284212469446,0.03814994270869471,0.048003987689451404,0.014680352550355349,0.0291442962443291,-0.009894841388218337,-0.020843017192863432,-0.005431595707694332,0.018640745073711936,-0.020866578241712622,-0.002881953287303849,-0.051050823537162775,-0.023996196352422623,0.015526641314016532,0.07312681329211748,0.007486936058789629,-0.02573414660354394,0.0773176895393386,-0.006386662706652551,0.027446251922484247,-0.04971981964546717,0.04971981964546727,-0.021529284482539924,,,-0.0010409648537763132,0.035251272326607366
confidence,-0.30414261890958694,0.6545644315572074,0.5251936136255022,,,-0.06118182170054687,1.0,0.647184316452016,0.8214127738347785,0.43401238977991735,0.6208267455853725,0.6291703212061092,-0.30406860071470526,-0.29010403034839494,0.27700923193064314,-0.11815259900217437,-0.10896571340621382,-0.01337829890990512,0.08501935633404245,0.0997264018468299,-0.029601209001135668,-0.004123352388607181,-0.05367544890025472,0.007873392384273406,0.008068530344715838,0.02080644863266658,-0.016995860847208166,0.0027260079670032695,0.006829410459058689,-0.009867086397316496,0.004291401617657815,0.0010940889025856469,-0.006450165658316012,0.003053677832028624,-0.11531279384765128,-0.016851405969636576,-0.35661357174674707,0.002984000140582764,0.0023672579511540702,-0.028847223277465216,-0.035052672933995936,-0.021627355033338017,0.005942300245297316,0.9479363664091965,-0.9479363664091972,0.32792570788675196,,,-0.024783164059414126,-0.8487916491580164
bbox_x,-0.11711911247125015,0.5107097715544078,0.4774729199827319,,,-0.02221922338785128,0.647184316452016,1.0,0.5087148056501284,0.1741298550739593,0.38495505767881155,0.4916447121744351,-0.11706646657210887,-0.10702150480953532,0.07805121625898702,-0.09703625147977518,-0.09757605968159216,-0.0030802791814581866,0.09489009025278068,0.05962525602238774,0.05289823378691662,-0.021632555467113238,-0.03419760980899992,0.02980233577069288,0.02822608063357549,0.01654229475241154,-0.008979624228799775,0.0037853133208424487,-0.026508836712999105,-0.010798329947846536,0.009217526157761826,0.023733790075058016,-0.018122783120468666,-0.004217884365282378,-0.13116015926936078,-0.01806727385241972,-0.31379160555049096,0.007684600999104024,0.0019271228559113052,0.0047026854009296635,-0.024373876405443383,-0.02526556712312695,0.013978187641835664,0.6591475599760745,-0.6591475599760745,0.31395442403168344,,,-0.017232973327239054,-0.5801720628190924
bbox_y,-0.1632228840475636,0.6722955344017071,0.6123140073657379,,,-0.0157307457748019,0.8214127738347785,0.5087148056501284,1.0,0.33596473848323627,0.31748205985025413,0.6908392076447748,-0.1633317742493891,-0.17131494685254187,0.16166460845932595,-0.1563987989687832,-0.05497140629181988,-0.07355941867618773,0.10308550802644931,0.08972722792560005,0.010847030810861512,-0.012810359861642402,-0.04007664855486354,0.016601310862635704,0.014672148720191838,0.029260297309397283,-0.010196605455517682,0.0020502326048829384,0.0031001386440482623,-0.03040810111870853,0.014266475010657665,0.00017672129524995176,-0.014425430599489919,-0.020563416062043646,-0.016708132100066064,-0.023196209771324652,-0.38207875786952944,0.003011253797029864,0.002900722025787453,-0.0959346216270205,-0.03207617091702954,-0.020418570150013728,0.011096359300832598,0.867442233711078,-0.8674422337110786,0.32521531713335194,,,-0.022678698646788998,-0.807231176126748
bbox_w,-0.20283427451300087,0.27628982994110374,0.1793570561470905,,,-0.06630555389414884,0.43401238977991735,0.1741298550739593,0.33596473848323627,1.0,0.6815923832119485,0.053687756558721364,-0.20277521623037403,-0.21389999488194536,0.17252920934583726,0.023885889123851332,-0.08598306512565372,-0.015128686262761964,0.03544736444982592,0.08650552916248543,-0.09133731275744068,-0.010771785373502821,-0.05104204041015961,-0.004099899282222213,-0.00297140104521872,0.018768390206273303,-0.022167040406276407,0.015064586830613933,0.02101648490467583,-0.0011046816325191366,0.0017361012513360849,-0.019157807994075245,0.007619728863648332,-0.0051398094140520075,0.08434256896015421,0.010498226308487403,-0.10722547368073913,0.002519690781244518,-0.0007786658206759145,0.013353567814900656,-0.016479701455963197,-0.017474709479292878,-0.018176864843735825,0.4456638256115233,-0.44566382561152346,0.09846150433255373,,,-0.011651583478451232,-0.38784064358099485
